-2087326254
-2068199862
-2054227495
-1967421570
-1965620841
-1921009785
-1895921423
-1850011986
-1839376542
-1836022210
-1830574040
-1819656533
-1803838923
-1777485462
-1769300398
-1747201478
-1708186722
-1658866196
-1652475784
-1520359210
-1435545613
-1394655262
-1086733279
-1032476735
-980708335
-957678656
-905196887
-847521235
-842650946
-776223325
-769839710
-768984850
-672667146
-612601554
-520968035
-518476743
-489128129
-481229696
-434517579
-413196766
-387120009
-332105910
-319105549
-260847149
-234047945
-118753347
-112128927
-13475498
18417368
44033556
75412383
115275711
200385287
203216636
317172158
459168164
519191489
548492517
583569763
603044600
683910981
717839241
750603182
772661530
825109138
836536317
908099852
917770784
1027186318
1049030095
1074163451
1091735568
1140310924
1189518118
1198658806
1201525637
1286384130
1366568856
1380091697
1436985259
1499173017
1530460082
1535103908
1539562204
1559221302
1579761457
1629403085
1632595971
1663009133
1678400502
1707341202
1788699540
1838984088
1866652292
1952352685
1965418269
2050587982
2059692504
2080961644
2091331126
