2134329579
2125231950
2122588114
2044216793
1900992886
1889622478
1855129118
1737209122
1735788817
1717366045
1709272551
1630534385
1609911567
1600377330
1596133232
1538619260
1521933618
1496872487
1483045600
1472623044
1380100766
1262149452
1217940283
1216769380
1207539732
1197129980
1185942170
1153758079
1113288104
1044850308
997393969
974031183
937860243
865171576
855587004
829064146
819523060
819028801
766210107
713561780
686176398
671952516
586056241
549282547
512281456
478302087
469517382
443767187
429857433
400125902
326451429
252324286
250465735
186391959
140376945
137883823
110633756
107154901
74647456
34056265
-21061417
-73285175
-100369621
-156182538
-199955035
-228608572
-383738362
-511420602
-514546020
-536808669
-587130331
-625944225
-768080958
-809854418
-850358404
-962544522
-1042789217
-1103193718
-1126877138
-1146462614
-1212297757
-1227491255
-1264827546
-1352438913
-1410260839
-1420412447
-1429198735
-1501735757
-1510978806
-1589774671
-1629544734
-1691651390
-1715326700
-1724343968
-1773529293
-1826035684
-1843303860
-1876881479
-1904692525
-2068450426
