0.6260595929750666
0.8970022525777486
0.6758354580580609
0.790883708955337
0.5281213459123537
0.8246315737448825
0.8519107568806412
0.5941351733752213
0.7391003788165434
0.5579480682568537
0.6211649950282545
0.5234616254078438
0.8040268078091305
0.6971202806084448
0.7686639660223024
0.8179939578957959
0.6645558835851612
0.7038895335571097
0.7312695054608414
0.8573141628583082
0.6319026323237332
0.8166388031155655
0.7483752931212847
0.7227408134187847
0.7374091389270288
0.6197580490525062
0.7404034397865407
0.6489293862709645
0.5335189550274388
0.7463849043936677
0.5180370733040711
0.7851274227495162
0.6230699610018323
0.6083216805356993
0.7767281190303608
0.9074747073622225
0.5690529737875649
0.5187235375684971
0.8141717662782776
0.9555749499962368
0.5175235741268684
0.7266467973607722
0.5949075807938485
0.9413560477267582
0.5363283808934923
0.7228602381611168
0.6023724399511396
0.7737362455235423
0.7109891681378581
0.865813066799831
0.6619447922832212
0.6845597511716808
0.766596018192406
0.7484400169708065
0.8092043424794264
0.8916292069278982
0.6537654316446152
0.5558280471413622
0.7696081852208541
0.8635907540970322
0.9533373359966633
0.7516744109445991
0.9116298084829018
0.6951822088788944
0.8101337817240976
0.9404464839464439
0.9635125297242787
0.7260651149860105
0.5525911358205977
0.6567118798898098
0.5633671629872932
0.7264389742267984
0.6492948376216012
0.9293603026729391
0.6953029857355189
0.95188843800265
0.659908991523559
0.8374678100076153
0.9529685722482717
0.8415675245417874
0.755390893450188
0.9485090557100376
0.5775252638862306
0.9537097251321887
0.629839621057485
0.9877597646190573
0.6659866381564448
0.523282928421525
0.5130605394969423
0.9846844711920416
0.789859052676867
0.7553549937524254
0.9936269695405676
0.5963296147091024
0.7299298616850731
0.6827077240159005
0.8833967852893362
0.9832228505834208
0.6368123075583184
0.7449418890373759
0.537326771486751
0.5428987567619106
