0.6260595929750666
0.18836336920674146
0.028669615974138307
0.15225342554595278
0.19790019945420556
0.10158765530723923
0.057624530868801926
0.1364731208033092
0.8970022525777486
0.6758354580580609
0.790883708955337
0.5281213459123537
0.8246315737448825
0.32808644894819017
0.2803501829272348
0.2187907147070033
0.14470268811385978
0.1588730563354791
0.3298720130815139
0.8519107568806412
0.5941351733752213
0.7391003788165434
0.5579480682568537
0.6211649950282545
0.4519814047170837
0.5234616254078438
0.3374336334183097
0.2735217327282976
0.8040268078091305
0.6971202806084448
0.3908409269275195
0.2724755178289532
0.7686639660223024
0.8179939578957959
0.6645558835851612
0.2733850974301478
0.4601945713573743
0.7038895335571097
0.7312695054608414
0.29033316528173503
0.8573141628583082
0.6319026323237332
0.3771481069103173
0.1927216197173064
0.41738652894333883
0.06690892341459098
0.21874425230562378
0.45985606811997937
0.2312156090460672
0.8166388031155655
0.16437539448115412
0.4430612963879167
0.7483752931212847
0.7227408134187847
0.2856752798263079
0.7374091389270288
0.6197580490525062
0.7404034397865407
0.19724863850798757
0.6489293862709645
0.0018553840789351517
0.5335189550274388
0.35583668290796233
0.15821281509552976
0.7463849043936677
0.5180370733040711
0.7851274227495162
0.227604937097736
0.25922970021520986
0.6230699610018323
0.6083216805356993
0.7767281190303608
0.4542579039529506
0.9074747073622225
0.4277914061071314
0.15985849003394104
0.15044152001617406
0.5690529737875649
0.029644722606134932
0.5187235375684971
0.4647953474600218
0.8141717662782776
0.11073715562164377
0.9555749499962368
0.23900811695085733
0.5175235741268684
0.7266467973607722
0.07393049291315612
0.30424012296759795
0.5949075807938485
0.9413560477267582
0.06816803083468592
0.4364122367466543
0.5363283808934923
0.7228602381611168
0.2081932572328581
0.18341384130716887
0.6023724399511396
0.47364991832136627
0.26169237526359357
0.3560078242397672
0.7737362455235423
0.7109891681378581
0.1240198075512633
0.865813066799831
0.6619447922832212
0.3191405499015658
0.6845597511716808
0.766596018192406
0.23871273790248693
0.4841620080937937
0.7484400169708065
0.8092043424794264
0.4220644382244023
0.8916292069278982
0.6537654316446152
0.5558280471413622
0.26924380472996645
0.018612193643411934
0.0770768220392185
0.1158737581361603
0.7696081852208541
0.38346256843903304
0.4035311528802765
0.8635907540970322
0.005115081155782297
0.43044340030894024
0.9533373359966633
0.07668770728382723
0.7516744109445991
0.32096118713100696
0.30227079458268313
0.2955315098173741
0.43155296767670126
0.27913526609357986
0.9116298084829018
0.344120812326817
0.6951822088788944
0.29666686116614693
0.2917849758492782
0.37687830953109913
0.8101337817240976
0.9404464839464439
0.9635125297242787
0.019407596974805985
0.46569212047166997
0.7260651149860105
0.5525911358205977
0.6567118798898098
0.5633671629872932
0.021370754451016216
0.455681317387425
0.18897362441098253
0.05685392695937219
0.7264389742267984
0.6492948376216012
0.12284524084609505
0.9293603026729391
0.039802359392939746
0.378701497854956
0.6953029857355189
0.95188843800265
0.46551034277027903
0.659908991523559
0.8374678100076153
0.9529685722482717
0.8415675245417874
0.755390893450188
0.1773978348383941
0.9485090557100376
0.5775252638862306
0.043027130736546515
0.9537097251321887
0.629839621057485
0.4774775797939832
0.9877597646190573
0.6659866381564448
0.3886895967056543
0.4944392617407287
0.24675671305512314
0.523282928421525
0.26975648110615136
0.5130605394969423
0.2914143005526493
0.26863700683210145
0.9846844711920416
0.789859052676867
0.3133192448689195
0.7553549937524254
0.3956865174349311
0.9936269695405676
0.5963296147091024
0.7299298616850731
0.6827077240159005
0.8833967852893362
0.9832228505834208
0.6368123075583184
0.7449418890373759
0.537326771486751
0.5428987567619106
