203216636
1535103908
459168164
44033556
-1967421570
1366568856
-481229696
-768984850
1380091697
-518476743
-1032476735
1074163451
-1830574040
1539562204
603044600
1049030095
-842650946
583569763
-1803838923
-1747201478
1707341202
1678400502
1436985259
1189518118
-260847149
-319105549
1788699540
-769839710
-118753347
-413196766
-1769300398
-1836022210
-1839376542
-847521235
-1520359210
1838984088
1952352685
2050587982
683910981
-234047945
-776223325
-2068199862
2059692504
-1965620841
-1658866196
-520968035
1632595971
1866652292
825109138
1198658806
-2054227495
-1819656533
200385287
548492517
750603182
1663009133
2080961644
-2087326254
836536317
-672667146
1091735568
1579761457
1140310924
1027186318
2091331126
-1435545613
1629403085
-612601554
772661530
-489128129
-1921009785
-13475498
1559221302
-112128927
-434517579
1965418269
519191489
1286384130
-1850011986
717839241
-1652475784
1499173017
1201525637
917770784
75412383
-1086733279
1530460082
115275711
-332105910
908099852
-1895921423
-905196887
18417368
-387120009
-1777485462
-1394655262
-957678656
-1708186722
-980708335
317172158
