-487846002
1763124158
375079250
371587465
-113086903
-2045440488
634098797
1558004612
2048103848
630819203
1943517520
1958737685
990540398
-256234855
-682369764
-97420468
-1983490763
136991364
1682936614
58974238
-887525454
1762761976
-149168681
-1464434824
1650156093
-2079934109
808346067
-1068164201
1595448719
-616422557
73541469
2029653654
78617804
-161517960
305696250
-737452216
-117883964
-63235846
-2117904813
393465671
1160359285
-370795955
1812653663
-1097451955
-1695820076
931635282
508701633
-2016756031
-946794036
211333152
667664494
144365461
1951112326
594320883
57292178
-521539762
1426733291
-1816883100
-2052085580
-1316598684
-1947221914
-874806566
-1912666345
1988007627
633974766
-1661240512
104047459
-1236408623
1217720387
-335288584
275382661
364473642
-1739563401
397693710
-1674642222
-1705506743
-598681425
-1651641424
402173042
476928752
2017645354
-485380387
-736187909
-783861750
-2076067454
466067037
398302812
988116920
1731043378
451427568
676083964
1168214441
-1041495464
-129060150
1214641442
-1576249170
835241915
-18942659
1269977495
-41004148
